1 2 10
1 3 9
2 3 4
2 4 13
3 4 3
3 5 3
4 5 14
4 6 12
5 6 9
5 7 3
6 7 15
6 8 1
7 8 6
7 9 7
8 9 9
8 10 9
9 10 11
9 11 5
10 11 10
10 12 9
11 12 9
11 13 1
12 13 1
12 14 10
13 14 9
13 15 12
14 15 5
14 16 10
15 16 11
15 17 13
16 17 1
16 18 6
17 18 5
17 19 5
18 19 15
18 20 14
19 20 13
19 21 15
20 21 3
20 22 14
21 22 12
21 23 7
22 23 2
22 24 10
23 24 10
23 25 12
24 25 13
24 26 15
25 26 13
25 27 5
26 27 6
26 28 1
27 28 5
27 29 9
28 29 3
28 30 6
29 30 8
29 31 10
30 31 4
30 32 13
31 32 12
31 33 15
32 33 6
32 34 6
33 34 3
33 35 8
34 35 8
34 36 14
35 36 14
35 37 7
36 37 10
36 38 5
37 38 5
37 39 6
38 39 6
38 40 1
39 40 1
39 41 13
40 41 6
40 42 6
41 42 6
41 43 7
42 43 6
42 44 1
43 44 1
43 45 7
44 45 3
44 46 8
45 46 9
45 47 11
46 47 8
46 48 3
47 48 10
47 49 8
48 49 11
48 50 12
49 50 5
